(1, 36) - 2
(1, 37) - 2
(1, 38) - 2
(1, 39) - 2
(1, 40) - 2
(1, 41) - 2
(1, 42) - 2
(1, 43) - 2
(1, 44) - 2
(1, 45) - 2
(1, 46) - 2
(1, 47) - 2
(1, 48) - 2
(1, 49) - 2
(1, 50) - 2
(1, 51) - 2
(1, 52) - 2
(1, 53) - 2
(1, 54) - 2
(1, 3) - 1
(1, 4) - 1
(1, 5) - 1
(1, 6) - 1
(1, 7) - 1
(1, 8) - 1
(1, 9) - 1
(1, 10) - 1
(1, 11) - 1
(1, 12) - 1
(1, 13) - 1
(1, 14) - 1
(1, 15) - 1
(1, 16) - 1
(1, 17) - 1
(1, 18) - 1
(1, 19) - 1
(1, 20) - 1
(1, 21) - 1
(1, 22) - 1
(1, 23) - 1
(1, 24) - 1
(1, 25) - 1
(1, 26) - 1
(1, 27) - 1
(1, 28) - 1
(1, 29) - 1
(1, 30) - 1
(1, 31) - 1
(1, 32) - 1
(1, 33) - 1
(1, 34) - 1
(1, 35) - 1
(1, 55) - 1
(1, 56) - 1
(1, 57) - 1
(1, 58) - 1
(1, 59) - 1
(2, 36) - 1
(2, 54) - 1
(2, 59) - 1
(3, 54) - 1
(3, 59) - 1
(4, 54) - 1
(4, 59) - 1
(5, 54) - 1
(5, 59) - 1
(6, 54) - 1
(6, 59) - 1
(7, 54) - 1
(7, 59) - 1
(8, 54) - 1
(8, 59) - 1
(9, 54) - 1
(9, 59) - 1
(10, 54) - 1
(10, 59) - 1
(11, 54) - 1
(11, 59) - 1
(12, 54) - 1
(12, 55) - 1
(12, 56) - 1
(12, 57) - 1
(12, 58) - 1
(12, 59) - 1
